$ANSIBLE_VAULT;1.1;AES256
63393865623361396466663830323762613031366433313437333932343830363761363230636262
3031363034336235613137376334623866653466623166620a633530636166626336346235356636
62393165663032663166633036633366333564376630363439383434646236303761346137333631
3639636661613336330a663466353666373562393466343563363435383131643336386134353630
38363761313863343137383839613761646136376162373864363538643965636436396262303530
32356530336261343863343864636130653161623538363830313837383863323561333732666138
34653038636164313139333437393865376533653763346636633539383736393236343433383033
37373961666263316332616638646339303236623830663461393932663334313833353932386261
36366433663739336666613738366438326636643131346231623034653430646134373963313039
38653064653766636536366335376164313266393233623135363161643064383239633435653664
64316431346138303834636638336361643830323238373530623032363064323564333665643736
31313234353064666664636132613732666661663233643462346664643837326534336431383237
65303265613463323063643738323763396334363639636166663435663636376339393863633536
65326363633034373266313062316265633632633834353236343061636665326339383264326437
30393464303336646265393464663538623863336435356334613030646538646337383739346131
63333732623337336264626634656530346239313964393233353832613863323566396230396637
61363261633131373962303439636138313566333639346661376639646134643861653837363630
66386665356564353535653436313664303263326562623132373138306361303831376630336132
37303038653232326631323139323663393939643336316665376136376533393061633037346566
35386233316662616163353830323561333038613034353936373432616463643934353261373433
61623366373139346433356461343765623061393266646666323530313033383139376163633238
63373431316262363362656534623561383562633233313633666436623562633331376461326433
63366361636236363361653234373138353238303362363238393532613839653161353663653066
34336331663363376161393561643039393131383665383965353664346136303935343031366564
33366664383634666139343538393438386466666133353266623932363362653134623131326363
38666137393966333433613337353738373833653962663332316633653861396434333763386166
66343562663735366165663461663033643230336566653839613736396161663335373235656363
30666466363436613163336138643565303432363531313636643235363735643136343538363132
66666337353335333834373731333934656431336137386363623563656135623237313061393430
30373966323137343639333465613236353061356132623331356165316639613838343738666634
66666265393865373436393865333762643462613765656231666435616431306133316465346666
61646164363462363766343935626638653933323663383662613238363836383665643065663136
37376436313763383037316631326662356665313935303030633761656138336130323534346237
61666462363466623230666165386535653864616266623261623265393730356261643337313731
37663561613137356235313433363263656431396530623930663430653133393063336232353337
66646636323533343964343436653135633632396630313236646261303134636364343839623539
61363266653635316161383535366662623666383334623831353463383031303963323862646465
35363633313161633865636164383138386533636432613939396239323639633264623232653038
62393239643433313438643466333439366361666463303537373038386164343966333337633731
34633939636232393634376637616239343964613462383337393466366638373833663738656630
34663165636636343666623435346464376434633438383061353462306261333538613663656133
62383766653538336162376466643362356238393762356537393763316433383339663435653139
37303130623362316666336535643134346335383633303538663737643637636331333263373364
32353836316136373730346435336261666135303739353832646231666435343335366562623635
38663163376266653362616338313433373034346331396535366535336164333161653737353064
36316462313462343034323463613133313463613461393434323133396361343831353462613631
32303066386163656431613436396562396132336634303331333439383334353763323966643630
37376664366234306331366632623131626363666139343566643632613862643738363232353661
38656231333036666661616265363232356637366234623338376636306438616462373433323436
34646563313836636262363734346438633732363135333233336232613936393333663032653435
34343366643363393634666537613434383033376237653163383333303639363732396332643335
38663165363137313266363538633037333234386433333166376138383436316166323937666331
66343965663036356464613539326338666330656264343137616132303362333534303963633331
64646466323338333332346261323663353761633362396536343465393365636437306463333637
37353037376665623132336330646165643761353639363662663365663437643733356436383032
63613162383264623562316239613462373463613031373565383434396666343337313066353661
35666439393063316634373665653333616638313339343838616331333339323863393139373438
62663265656163356666653232666261346463623738633166636230373538343632376561326432
37653736616364633637346630396365326662383463663638363961333066323661626438396137
63616539373030623737653561323366616364303537626635646562303236666437636461623434
31353466623038653232666461623237313832636434356232383265653237663332643238653665
62613635636339613233303232376262333862333938626538396261323436343736383534336133
30653831626466393335633534366566663461636536616661646137636231343136613366303164
34323262613234313133623563326264633931373661393631623031636139323262396664646666
39333233653639383831663534353863373438623464313962653933383061393839613664386133
30363139323532386139373265366661383230656432616366653730306237386130623566633665
33623761323735306331353330366364613234663430636238366531303832653038613661396662
61656664626561386636633464316637343365653530363766396637316430396439623965373562
66336132343532396266396261613835613962663365653839613266303833353066663261386536
62383139663965363234316666363430313034383033646336303161623961666166306531363565
36353661666564646238376634363763626537303134616431346230343232613331626631356564
36623533623161636130633062303937313233336138316135626631646561666335353830373831
36326435636336666532326361666631353364656166333432646532343765626363323133303333
66313338313365353664393434353930313362363962613735616465623062633665646163613261
33386362346465373834636139303663353039383634633762633132656533636665383433323732
35613331626662373535336638353461333239623435643133363064386462323332336566366565
61373730396434653634663565336366613037616437323266316134656135656261313361643437
32633261373964336338303736626164386363383538346535386234383134663035663330363832
33303462613763376364616231373939356564613434363361613033336564633165336431343432
65356434613361376264393963303862316335373166373437313839396536353336633437646364
36613530363532353165356131636339666464613039613965363634323232306638653530356638
65356234666433643836656564373630376561323265303836383263353530316639376562656132
64323036346465393364633333666235656465396665666334646332326466316633643030323364
31623636376532333564363062663037626266376462653265323136613761303331653639326166
36356134363138396139663731393766396237393063663536666664383937653631646365346138
34326633366261363365313163393833653333653339666166343535393034643535363363656165
35613866623037343132666231646639643339343434633830386238626166643038653239323561
34396661333765376134363561623735336132346130653231316364346362383061313532373236
64653362366239313365386366363231653938366533383430663064343831316364646135356537
33613838653036373662373736653236633866346432393336306534613862626434383339363866
36343763373663353862383566316433363162646437656632663661623235303363303335663365
65383133346431356630306366333865393663376235656361633337326433356235356265373430
33386538636330323439346432643265323165373261363961623731333965356430383235616464
64396635636230623533393931343062313161623965383163656262633331306339366333663639
30626335336463616434326330623730623635643664353739306664616464376163393531333934
61373038356663306138326330616431326532653964386265663937646230363664376262616162
33623464643338653236393531326330366536656137616463653664326566306162636137313733
30356537306336633863393865336339313730303030346237383162373334633263623962643737
35303137616535613630353739616139353233626564336137363063333438396262333133316163
30333131643566346335633233633562353132383230333339623464643638643133353433323032
37376662643030663437396361613737663033653362626336656133356331373865313963363234
32316561343464343865323439326464376637393535363838336162386335626262376139653032
63326661346662346561326665333062346634336230616466383736396462646237633437326134
66353930373832323064663435383332353864653932383730393536346638313831356562326239
38653832303165653539303063326134303439663932313236353834306266316561353461663533
66326239643363306231663664343336393335383737363465663930373636666538346363623536
61643732366663376230316634313835366231346235353739306663343437663435373733363739
33363365643131393433343436336438343330316435373338353436666161633439363130336563
61326637656563636336643262353636386262663666626439383436646135326461626333663438
30653861363965353633343239646638353030373933346432386361386261666138396638373430
36643561613236633037316436366534363032663634303065333064656530306562316639333430
61663038346331636366643365636136636430353764386236366461363935386661643839303063
66613863633663623565663139363464613761346634636561646462303136343830373038353465
31623339386266363436613432623933363531656535383739373430393437613062613063636531
38323463653633386438356531363935376239366361633635316234356162353238613761613532
34343434626336653361373463666130623034653031313837376639623362363032323762333335
34346563663438386131346661376533616634333631326133633862346664363134333138386665
30323036306235616230336233663732373338356262336232313234363239313834643565336361
66333062363438383965356339643431363634343466376636313930346636636533333533613931
33363162333338326431396566353332333061626261643231376436626630366364316135306464
39313937346632653134373935313436653266623066306561396666363166396262333434646332
62313564363365396161623639616434653361653532303333316639303636653730663365326133
37366630623139303361323838343236313234623961383931623035386337383037303030363631
32656463346639353065646561303036633765396666303566396165636334363036666536663031
38343162326332306365623632373966306133643036353739663338366338343563613634633532
61376232373630623335383830373733666636623661363731376533396237323965656561323431
64306364623065393739633466653133653938656431366132323861623233666261626165383733
31626265356439373735623764623832656266346536653062353563353737346261663064366533
63656661353037313234633232343061623566326233333937383962323861363039353363303833
35326633666339323836336666343534633035323734663061333939316466353530626161363636
63303632633561626437663363356233316635386131356232663763323434356237326465376264
37643038346165633538383966623361373566303734343338396132393032663461363137313035
30623766373932613638313161303163303362316634313861376131633561656263
